1.36570000000000
1.38050000000000
1.37300000000000
1.38610000000000
1.37700000000000
1.37190000000000
1.37750000000000
1.36720000000000
1.38730000000000
1.39320000000000
1.39110000000000
1.38380000000000
1.41720000000000
1.41640000000000
1.39470000000000
1.36760000000000
1.38030000000000
1.37440000000000
1.37610000000000
1.37440000000000
1.37850000000000
1.35960000000000
1.36000000000000
1.36250000000000
1.35240000000000
1.35050000000000
1.35220000000000
1.35210000000000
1.35250000000000
1.35000000000000
1.33470000000000
1.32440000000000
1.33340000000000
1.33430000000000
1.34530000000000
1.34870000000000
1.33860000000000
1.34630000000000
1.33970000000000
1.33860000000000
1.33240000000000
1.33680000000000
1.31880000000000
1.30940000000000
1.29720000000000
1.30130000000000
1.30250000000000
1.30170000000000
1.30760000000000
1.30400000000000
1.30450000000000
1.30400000000000
1.30740000000000
1.29260000000000
1.29520000000000
1.29730000000000
1.30610000000000
1.29300000000000
1.27830000000000
1.27230000000000
1.27450000000000
1.27820000000000
1.26860000000000
1.28180000000000
1.26820000000000
1.27400000000000
1.28250000000000
1.29370000000000
1.29480000000000
1.30350000000000
1.30040000000000
1.29780000000000
1.31520000000000
1.31920000000000
1.31230000000000
1.30530000000000
1.31790000000000
1.31670000000000
1.31060000000000
1.31300000000000
1.32440000000000
1.32530000000000
1.32970000000000
1.31870000000000
1.32110000000000
1.31490000000000
1.30870000000000
1.31100000000000
1.31490000000000
1.32550000000000
1.32510000000000
1.33080000000000
1.34630000000000
1.34100000000000
1.34520000000000
1.33590000000000
1.33200000000000
1.32020000000000
1.32260000000000
1.31140000000000
1.31490000000000
1.32560000000000
1.31080000000000
1.31410000000000
1.31090000000000
1.30250000000000
1.30700000000000
1.31710000000000
1.32420000000000
1.32220000000000
1.31900000000000
1.31940000000000
1.32630000000000
1.33280000000000
1.33360000000000
1.33000000000000
1.32650000000000
1.33340000000000
1.33250000000000
1.33370000000000
1.31260000000000
1.30640000000000
1.30890000000000
1.30870000000000
1.30680000000000
1.31040000000000
1.31710000000000
1.30820000000000
1.30670000000000
1.31230000000000
1.31220000000000
1.31320000000000
1.32120000000000
1.31290000000000
1.32070000000000
1.32100000000000
1.32320000000000
1.32480000000000
1.32290000000000
1.32260000000000
1.31540000000000
1.31470000000000
1.30910000000000
1.30520000000000
1.30150000000000
1.29540000000000
1.29590000000000
1.29370000000000
1.28470000000000
1.27690000000000
1.27300000000000
1.27090000000000
1.27210000000000
1.27690000000000
1.27350000000000
1.25690000000000
1.25830000000000
1.25180000000000
1.24880000000000
1.24050000000000
1.23640000000000
1.24200000000000
1.24950000000000
1.24370000000000
1.25350000000000
1.25680000000000
1.24820000000000
1.25040000000000
1.24770000000000
1.25960000000000
1.26080000000000
1.26330000000000
1.25780000000000
1.26920000000000
1.27030000000000
1.25860000000000
1.25450000000000
1.24800000000000
1.24710000000000
1.24570000000000
1.24330000000000
1.26680000000000
1.25840000000000
1.26200000000000
1.23840000000000
1.22830000000000
1.22990000000000
1.22550000000000
1.22440000000000
1.21990000000000
1.22320000000000
1.22670000000000
1.22340000000000
1.22610000000000
1.22570000000000
1.21760000000000
1.21260000000000
1.20620000000000
1.21320000000000
1.22800000000000
1.23700000000000
1.22500000000000
1.23150000000000
1.22990000000000
1.21490000000000
1.23900000000000
1.24220000000000
1.24220000000000
1.23640000000000
1.22780000000000
1.22980000000000
1.23390000000000
1.23290000000000
1.22880000000000
1.23560000000000
1.23150000000000
1.23430000000000
1.24720000000000
1.24720000000000
1.25830000000000
1.25330000000000
1.25140000000000
1.25640000000000
1.25380000000000
1.24970000000000
1.25780000000000
1.25660000000000
1.26030000000000
1.26260000000000
1.27960000000000
1.27950000000000
1.28580000000000
1.28940000000000
1.29120000000000
1.31420000000000
1.31250000000000
1.30510000000000
1.30650000000000
1.29480000000000
1.29900000000000
1.29090000000000
1.29450000000000
1.28520000000000
1.28740000000000
1.28560000000000
1.29000000000000
1.29510000000000
1.29090000000000
1.30010000000000
1.30590000000000
1.28760000000000
1.28880000000000
1.29280000000000
1.29460000000000
1.29500000000000
1.30360000000000
1.31330000000000
1.31060000000000
1.30220000000000
1.30630000000000
1.29710000000000
1.29460000000000
1.29580000000000
1.29380000000000
1.29060000000000
1.29790000000000
1.29580000000000
1.29370000000000
1.28480000000000
1.27900000000000
1.28180000000000
1.27590000000000
1.27400000000000
1.27150000000000
1.27160000000000
1.27400000000000
1.27830000000000
1.27150000000000
1.28060000000000
1.28140000000000
1.28160000000000
1.29590000000000
1.29660000000000
1.29400000000000
1.29230000000000
1.29530000000000
1.30100000000000
1.30660000000000
1.30810000000000
1.30770000000000
1.29680000000000
1.29420000000000
1.29300000000000
1.29920000000000
1.30380000000000
1.30770000000000
1.31340000000000
1.31690000000000
1.32240000000000
1.32600000000000
1.32240000000000
1.31660000000000
1.31790000000000
1.32280000000000
1.32280000000000
1.32200000000000
1.31860000000000
1.31950000000000
1.31100000000000
1.30470000000000
1.30990000000000
1.30680000000000
1.30780000000000
1.32200000000000
1.33530000000000
1.33690000000000
1.33420000000000
1.33050000000000
1.33560000000000
1.33030000000000
1.33040000000000
1.33080000000000
1.33780000000000
1.34560000000000
1.34590000000000
1.34840000000000
1.35640000000000
1.35840000000000
1.36920000000000
1.35270000000000
1.35690000000000
1.35280000000000
1.33820000000000
1.33660000000000
1.34140000000000
1.34500000000000
1.34480000000000
1.33340000000000
1.33620000000000
1.33870000000000
1.33500000000000
1.32040000000000
1.31660000000000
1.31720000000000
1.30540000000000
1.31040000000000
1.30790000000000
1.29880000000000
1.29960000000000
1.30190000000000
1.29900000000000
1.30980000000000
1.29920000000000
1.30140000000000
1.30230000000000
1.29490000000000
1.29740000000000
1.30760000000000
1.29560000000000
1.28880000000000
1.29500000000000
1.29280000000000
1.29960000000000
1.28810000000000
1.28580000000000
1.27820000000000
1.28420000000000
1.28160000000000
1.28570000000000
1.28360000000000
1.28470000000000
1.28540000000000
1.30270000000000
1.30080000000000
1.30920000000000
1.30600000000000
1.31240000000000
1.30940000000000
1.30820000000000
1.31410000000000
1.30490000000000
1.30720000000000
1.30660000000000
1.30500000000000
1.30120000000000
1.29970000000000
1.30040000000000
1.30240000000000
1.30900000000000
1.31680000000000
1.31920000000000
1.30660000000000
1.31120000000000
1.30670000000000
1.30850000000000
1.31770000000000
1.31050000000000
1.29550000000000
1.29810000000000
1.29690000000000
1.28570000000000
1.28980000000000
1.28180000000000
1.28650000000000
1.29100000000000
1.28640000000000
1.29440000000000
1.29200000000000
1.28700000000000
1.29440000000000
1.30420000000000
1.29880000000000
1.30980000000000
1.30750000000000
1.30880000000000
1.32480000000000
1.32420000000000
1.32340000000000
1.32780000000000
1.33540000000000
1.33140000000000
1.33300000000000
1.33410000000000
1.34070000000000
1.34040000000000
1.32140000000000
1.31130000000000
1.30910000000000
1.30800000000000
1.30060000000000
1.30160000000000
1.30100000000000
1.30600000000000
1.30170000000000
1.30050000000000
1.28310000000000
1.28630000000000
1.27740000000000
1.28460000000000
1.30460000000000
1.30480000000000
1.30390000000000
1.31440000000000
1.30940000000000
1.30780000000000
1.31420000000000
1.31930000000000
1.32120000000000
1.32280000000000
1.32340000000000
1.32690000000000
1.32620000000000
1.32660000000000
1.32820000000000
1.32170000000000
1.32680000000000
1.32570000000000
1.32960000000000
1.33290000000000
1.33920000000000
1.33380000000000
1.33120000000000
1.32470000000000
1.32560000000000
1.32630000000000
1.33210000000000
1.33480000000000
1.34260000000000
1.33680000000000
1.33620000000000
1.33920000000000
1.33690000000000
1.33870000000000
1.33260000000000
1.32280000000000
1.31960000000000
1.31640000000000
1.32120000000000
1.31200000000000
1.31660000000000
1.32600000000000
1.32600000000000
1.33010000000000
1.33150000000000
1.32760000000000
1.33500000000000
1.33570000000000
1.33510000000000
1.35270000000000
1.35220000000000
1.35200000000000
1.34900000000000
1.35360000000000
1.34840000000000
1.35370000000000
1.35350000000000
1.35340000000000
1.35920000000000
1.36420000000000
1.35820000000000
1.35690000000000
1.35820000000000
1.35130000000000
1.35350000000000
1.35590000000000
1.34940000000000
1.34900000000000
1.36640000000000
1.36930000000000
1.36720000000000
1.37780000000000
1.37860000000000
1.38100000000000
1.37940000000000
1.37860000000000
1.37700000000000
1.37710000000000
1.35940000000000
1.34880000000000
1.35160000000000
1.34700000000000
1.35300000000000
1.33900000000000
1.33570000000000
1.34280000000000
1.34560000000000
1.34680000000000
1.34800000000000
1.35200000000000
1.35290000000000
1.34510000000000
1.34700000000000
1.35470000000000
1.35020000000000
1.35550000000000
1.35630000000000
1.36060000000000
1.35520000000000
1.36040000000000
1.35550000000000
1.36640000000000
1.36900000000000
1.37260000000000
1.37650000000000
1.37980000000000
1.37520000000000
1.37240000000000
1.37570000000000
1.37480000000000
1.37660000000000
1.36660000000000
1.36730000000000
1.37010000000000
1.36760000000000
1.36900000000000
1.37660000000000
1.38160000000000
1.37790000000000
1.36700000000000
1.36060000000000
1.36360000000000
1.36180000000000
1.35860000000000
1.35910000000000
1.36640000000000
1.36470000000000
1.36820000000000
1.36040000000000
1.36000000000000
1.35540000000000
1.35600000000000
1.35460000000000
1.36800000000000
1.36800000000000
1.36790000000000
1.36620000000000
1.36630000000000
1.35490000000000
1.35000000000000
1.35230000000000
1.35070000000000
1.35190000000000
1.36040000000000
1.36140000000000
1.36440000000000
1.36540000000000
1.35920000000000
1.36690000000000
1.36900000000000
1.37580000000000
1.37620000000000
1.36900000000000
1.37220000000000
1.37440000000000
1.37490000000000
1.36680000000000
1.37240000000000
1.38060000000000
1.37630000000000
1.37310000000000
1.37340000000000
1.38480000000000
1.38680000000000
1.38800000000000
1.38670000000000
1.39040000000000
1.39270000000000
1.39240000000000
1.39270000000000
1.39130000000000
1.39100000000000
1.37840000000000
1.37830000000000
1.37840000000000
1.37770000000000
1.37860000000000
1.37520000000000
1.37530000000000
1.37770000000000
1.38040000000000
1.37610000000000
1.37080000000000
1.37040000000000
1.37450000000000
1.38020000000000
1.38160000000000
1.38920000000000
1.38980000000000
1.38240000000000
1.38060000000000
1.38200000000000
1.38320000000000
1.38160000000000
1.37900000000000
1.38040000000000
1.38140000000000
1.38280000000000
1.38380000000000
1.38440000000000
1.38080000000000
1.38700000000000
1.38670000000000
1.38640000000000
1.38840000000000
1.39240000000000
1.39170000000000
1.38640000000000
1.37630000000000
1.37600000000000
1.37110000000000
1.37180000000000
1.37120000000000
1.37080000000000
1.37160000000000
1.37020000000000
1.36570000000000
1.36520000000000
1.36280000000000
1.36180000000000
1.35960000000000
1.36080000000000
1.36400000000000
1.36060000000000
1.36240000000000
1.36190000000000
1.36180000000000
1.36390000000000
1.35890000000000
1.35430000000000
1.35320000000000
1.35560000000000
1.35220000000000
1.35780000000000
1.35430000000000
1.35670000000000
1.36200000000000
1.35860000000000
1.35930000000000
1.35880000000000
1.36380000000000
1.36100000000000
1.36310000000000
1.36900000000000
1.36810000000000
1.36560000000000
1.36100000000000
1.36040000000000
1.36140000000000
1.36300000000000
1.36000000000000
1.35980000000000
1.36200000000000
1.35730000000000
1.35300000000000
1.35300000000000
1.35150000000000
1.35240000000000
1.34700000000000
1.34620000000000
1.34680000000000
1.34310000000000
1.34400000000000
1.34100000000000
1.33780000000000
1.33900000000000
1.34360000000000
1.34140000000000
1.33660000000000
1.33550000000000
1.33620000000000
1.34120000000000
1.33850000000000
1.33570000000000
1.33670000000000
1.33760000000000
1.33920000000000
1.33580000000000
1.33200000000000
1.32840000000000
1.32840000000000
1.32370000000000
1.32060000000000
1.31890000000000
1.31920000000000
1.31780000000000
1.31500000000000
1.31240000000000
1.31360000000000
1.29260000000000
1.29560000000000
1.29480000000000
1.29090000000000
1.29080000000000
1.29360000000000
1.29550000000000
1.29510000000000
1.29760000000000
1.29580000000000
1.29130000000000
1.28350000000000
1.28290000000000
1.28580000000000
1.27880000000000
1.27480000000000
1.26860000000000
1.27030000000000
1.26280000000000
1.26180000000000
1.26700000000000
1.25170000000000
1.25920000000000
1.26260000000000
1.26830000000000
1.26830000000000
1.26360000000000
1.26600000000000
1.27780000000000
1.28120000000000
1.27550000000000
1.27830000000000
1.27240000000000
1.26580000000000
1.26580000000000
1.26750000000000
1.27120000000000
1.27470000000000
1.27620000000000
1.26220000000000
1.25300000000000
1.24870000000000
1.25540000000000
1.24880000000000
1.24140000000000
1.24220000000000
1.24250000000000
1.24560000000000
1.24760000000000
1.24940000000000
1.24470000000000
1.25340000000000
1.25480000000000
1.25260000000000
1.23940000000000
1.24270000000000
1.24720000000000
1.25030000000000
1.24380000000000
1.24900000000000
1.23900000000000
1.23040000000000
1.24320000000000
1.23040000000000
1.22920000000000
1.24150000000000
1.24250000000000
1.23970000000000
1.24840000000000
1.24700000000000
1.25040000000000
1.24060000000000
1.22910000000000
1.22350000000000
1.22520000000000
1.21800000000000
1.21880000000000
1.21790000000000
1.21740000000000
1.21010000000000
1.20150000000000
1.19180000000000
1.19360000000000
1.18200000000000
1.18110000000000
1.18300000000000
1.18320000000000
1.17790000000000
1.18060000000000
1.15980000000000
1.15170000000000
1.15590000000000
1.15840000000000
1.14140000000000
1.12790000000000
1.12900000000000
1.13700000000000
1.13420000000000
1.13080000000000
1.12900000000000
1.13370000000000
1.14620000000000
1.14180000000000
1.14320000000000
1.13300000000000
1.13160000000000
1.13160000000000
1.13000000000000
1.14100000000000
1.14080000000000
1.13950000000000
1.13420000000000
1.13920000000000
1.13720000000000
1.13460000000000
1.13070000000000
1.13630000000000
1.12120000000000
1.11970000000000
1.11900000000000
1.12120000000000
1.10700000000000
1.10060000000000
1.08550000000000
1.08460000000000
1.07070000000000
1.05760000000000
1.06150000000000
1.05240000000000
1.05750000000000
1.06050000000000
1.06430000000000
1.06210000000000
1.07920000000000
1.09280000000000
1.09080000000000
1.09860000000000
1.09190000000000
1.08910000000000
1.08180000000000
1.07410000000000
1.07680000000000
1.08740000000000
1.09900000000000
1.10080000000000
1.08500000000000
1.08180000000000
1.06710000000000
1.05980000000000
1.05820000000000
1.06720000000000
1.05960000000000
1.07420000000000
1.07800000000000
1.07630000000000
1.07580000000000
1.07290000000000
1.08030000000000
1.08760000000000
1.08920000000000
1.09790000000000
1.11740000000000
1.11620000000000
1.11940000000000
1.11450000000000
1.11740000000000
1.13450000000000
1.12830000000000
1.12410000000000
1.11420000000000
1.12400000000000
1.13720000000000
1.13680000000000
1.14280000000000
1.13540000000000
1.11510000000000
1.10790000000000
1.11260000000000
1.10330000000000
1.08760000000000
1.08880000000000
1.09140000000000
1.09940000000000
1.09130000000000
1.11300000000000
1.12850000000000
1.12710000000000
1.11080000000000
1.12320000000000
1.12840000000000
1.13070000000000
1.12360000000000
1.12780000000000
1.12660000000000
1.12380000000000
1.12440000000000
1.14040000000000
1.13350000000000
1.13780000000000
1.11900000000000
1.11780000000000
1.11960000000000
1.11560000000000
1.11800000000000
1.11540000000000
1.10840000000000
1.10900000000000
1.10760000000000
1.09520000000000
1.10720000000000
1.10250000000000
1.11500000000000
1.10200000000000
1.10150000000000
1.09650000000000
1.08980000000000
1.08480000000000
1.08500000000000
1.09270000000000
1.08840000000000
1.09760000000000
1.09760000000000
1.11120000000000
1.10550000000000
1.10260000000000
1.09140000000000
1.10280000000000
1.09620000000000
1.09530000000000
1.08680000000000
1.09220000000000
1.09580000000000
1.09940000000000
1.10420000000000
1.11980000000000
1.11440000000000
1.11100000000000
1.10780000000000
1.10280000000000
1.10610000000000
1.12000000000000
1.13560000000000
1.15800000000000
1.14100000000000
1.13900000000000
1.12390000000000
1.11720000000000
1.11940000000000
1.12630000000000
1.12420000000000
1.11040000000000
1.11170000000000
1.11820000000000
1.11650000000000
1.12620000000000
1.13380000000000
1.13070000000000
1.12600000000000
1.13040000000000
1.13120000000000
1.13580000000000
1.12040000000000
1.11330000000000
1.11600000000000
1.12520000000000
1.11920000000000
1.12360000000000
1.12460000000000
1.11620000000000
1.12000000000000
1.12760000000000
1.12000000000000
1.12660000000000
1.12490000000000
1.12820000000000
1.13630000000000
1.13820000000000
1.14370000000000
1.14180000000000
1.13600000000000
1.13200000000000
1.13590000000000
1.13450000000000
1.11400000000000
1.10160000000000
1.10510000000000
1.10520000000000
1.10660000000000
1.09630000000000
1.10420000000000
1.10260000000000
1.09460000000000
1.08610000000000
1.08690000000000
1.07460000000000
1.07670000000000
1.06860000000000
1.07680000000000
1.07220000000000
1.07080000000000
1.06340000000000
1.06380000000000
1.07460000000000
1.06600000000000
1.06020000000000
1.06520000000000
1.06160000000000
1.05960000000000
1.05620000000000
1.06200000000000
1.05730000000000
1.09020000000000
1.08840000000000
1.08400000000000
1.08760000000000
1.09840000000000
1.09480000000000
1.10020000000000
1.10250000000000
1.09110000000000
1.09370000000000
1.08040000000000
1.08470000000000
1.09200000000000
1.09780000000000
1.08750000000000
1.09550000000000
1.09830000000000
1.09160000000000
1.09120000000000
1.08590000000000
1.08030000000000
1.07430000000000
1.07620000000000
1.08600000000000
1.08850000000000
1.08780000000000
1.08370000000000
1.08620000000000
1.08620000000000
1.09640000000000
1.09060000000000
1.09080000000000
1.08330000000000
1.08140000000000
1.08320000000000
1.08460000000000
1.08670000000000
1.09520000000000
1.08320000000000
1.08880000000000
1.09080000000000
1.10510000000000
1.11990000000000
1.11310000000000
1.11700000000000
1.13000000000000
1.12220000000000
1.13620000000000
1.12350000000000
1.11400000000000
1.11400000000000
1.10920000000000
1.11270000000000
1.10180000000000
1.10160000000000
1.10210000000000
1.10260000000000
1.09320000000000
1.08680000000000
1.08470000000000
1.08450000000000
1.09480000000000
1.10100000000000
1.10040000000000
1.10280000000000
1.10220000000000
1.11620000000000
1.11800000000000
1.11070000000000
1.11120000000000
1.10750000000000
1.13160000000000
1.12920000000000
1.12600000000000
1.12280000000000
1.11740000000000
1.11630000000000
1.11640000000000
1.12100000000000
1.12040000000000
1.13300000000000
1.13900000000000
1.13850000000000
1.13860000000000
1.13740000000000
1.14300000000000
1.13860000000000
1.14060000000000
1.14120000000000
1.13950000000000
1.12810000000000
1.12620000000000
1.12950000000000
1.13220000000000
1.13750000000000
1.13300000000000
1.13010000000000
1.12390000000000
1.12740000000000
1.13180000000000
1.13220000000000
1.13250000000000
1.14410000000000
1.15160000000000
1.15080000000000
1.14860000000000
1.14040000000000
1.14210000000000
1.14020000000000
1.13860000000000
1.14440000000000
1.13800000000000
1.12940000000000
1.13280000000000
1.13370000000000
1.12760000000000
1.12140000000000
1.12070000000000
1.11920000000000
1.11450000000000
1.11540000000000
1.11840000000000
1.11400000000000
1.11350000000000
1.11650000000000
1.11570000000000
1.13300000000000
1.13540000000000
1.13500000000000
1.14000000000000
1.13290000000000
1.12810000000000
1.12820000000000
1.12060000000000
1.12390000000000
1.11580000000000
1.12560000000000
1.13180000000000
1.12620000000000
1.12860000000000
1.13730000000000
1.11260000000000
1.10240000000000
1.10540000000000
1.11170000000000
1.10320000000000
1.11450000000000
1.10800000000000
1.10770000000000
1.10650000000000
1.10380000000000
1.10450000000000
1.10740000000000
1.11120000000000
1.11090000000000
1.10590000000000
1.10760000000000
1.10140000000000
1.10070000000000
1.10160000000000
1.09680000000000
1.09800000000000
1.09840000000000
1.09880000000000
1.10940000000000
1.11680000000000
1.11760000000000
1.12250000000000
1.11700000000000
1.11340000000000
1.10800000000000
1.10780000000000
1.11100000000000
1.11710000000000
1.11680000000000
1.11720000000000
1.11990000000000
1.12770000000000
1.12630000000000
1.13340000000000
1.13260000000000
1.13140000000000
1.13080000000000
1.12560000000000
1.12740000000000
1.12370000000000
1.11820000000000
1.11500000000000
1.11460000000000
1.11940000000000
1.11580000000000
1.12370000000000
1.12380000000000
1.12560000000000
1.12140000000000
1.12300000000000
1.12420000000000
1.12710000000000
1.12460000000000
1.11600000000000
1.11790000000000
1.11720000000000
1.11650000000000
1.12290000000000
1.12230000000000
1.12700000000000
1.12080000000000
1.12000000000000
1.12440000000000
1.12380000000000
1.12100000000000
1.12120000000000
1.11960000000000
1.11580000000000
1.11560000000000