1.37646
1.3777
1.3771
1.37594
1.37618
1.37942
1.38326
1.38452
1.39452
1.40034
1.40064
1.39594
1.39524
1.38668
1.37862
1.37456
1.37674
1.3726
1.36972
1.367
1.3626
1.357
1.35552
1.35394
1.35194
1.35146
1.3483
1.34274
1.339
1.33536
1.33442
1.33722
1.34006
1.34264
1.34372
1.34238
1.33912
1.33876
1.33326
1.3272
1.31892
1.3127
1.30584
1.30242
1.30206
1.30342
1.30406
1.30436
1.3055
1.3025
1.30074
1.2993
1.29972
1.29684
1.29398
1.2894
1.28484
1.27926
1.27438
1.27508
1.27426
1.27416
1.27502
1.28004
1.28264
1.2897
1.29498
1.29804
1.30234
1.30722
1.30898
1.30996
1.31398
1.31428
1.31256
1.3127
1.31652
1.318
1.3206
1.32222
1.32384
1.32194
1.31862
1.31488
1.31412
1.315
1.31704
1.32146
1.32852
1.33374
1.33768
1.33984
1.34008
1.33486
1.33118
1.32442
1.32022
1.31894
1.31706
1.31536
1.31526
1.31278
1.30906
1.31032
1.31234
1.3146
1.3179
1.32038
1.32222
1.32394
1.32622
1.32842
1.32984
1.33126
1.3312
1.33122
1.32774
1.32372
1.31882
1.31406
1.30868
1.30824
1.31038
1.31024
1.30984
1.31094
1.3113
1.31052
1.31312
1.31436
1.31604
1.3178
1.3198
1.32052
1.32252
1.3229
1.32178
1.32008
1.31694
1.3134
1.30918
1.30518
1.30142
1.29834
1.29424
1.28932
1.28484
1.27984
1.27552
1.27396
1.27328
1.27006
1.26754
1.26348
1.25786
1.25126
1.24716
1.2439
1.24344
1.24242
1.24502
1.2491
1.25034
1.25052
1.25132
1.25254
1.25334
1.25636
1.25784
1.26214
1.26428
1.26384
1.26208
1.26012
1.2557
1.25078
1.24772
1.25018
1.25226
1.25524
1.25378
1.25078
1.2434
1.23682
1.2293
1.2256
1.22458
1.22394
1.22352
1.22386
1.22502
1.2239
1.22108
1.21764
1.21506
1.21552
1.2194
1.22188
1.22694
1.23028
1.22766
1.22806
1.2315
1.23364
1.23494
1.23752
1.23568
1.23402
1.23216
1.23064
1.2322
1.23254
1.23262
1.23548
1.23916
1.2437
1.24806
1.25148
1.25332
1.25464
1.25292
1.25382
1.25486
1.25564
1.2574
1.26338
1.26772
1.27356
1.27938
1.2851
1.29202
1.29862
1.30248
1.3059
1.30662
1.30358
1.29926
1.29714
1.29288
1.2914
1.28872
1.28854
1.28866
1.2898
1.29234
1.2964
1.29592
1.29466
1.29504
1.29394
1.29176
1.29496
1.29986
1.30342
1.30494
1.3072
1.3059
1.30216
1.2992
1.29752
1.29438
1.29454
1.29478
1.29436
1.29256
1.29024
1.28702
1.28304
1.2791
1.27644
1.27496
1.2734
1.27388
1.27338
1.2752
1.27716
1.27868
1.2822
1.28722
1.2899
1.29208
1.29482
1.29584
1.29784
1.30066
1.30374
1.30404
1.30268
1.29996
1.29818
1.2974
1.29958
1.30342
1.3082
1.31284
1.31728
1.32022
1.32086
1.32106
1.32114
1.3205
1.32042
1.32082
1.32114
1.31878
1.31516
1.31274
1.31038
1.30804
1.31024
1.31636
1.32176
1.32724
1.33178
1.3345
1.3335
1.3322
1.33152
1.33298
1.33498
1.3381
1.3417
1.34682
1.35094
1.35566
1.35702
1.35872
1.358
1.35396
1.34744
1.34518
1.3428
1.3412
1.34024
1.34016
1.33962
1.33762
1.33274
1.32938
1.32558
1.31892
1.314
1.3115
1.30794
1.30442
1.30372
1.30144
1.30182
1.3019
1.30226
1.30234
1.30152
1.29904
1.30072
1.29956
1.29686
1.29688
1.29596
1.29436
1.29286
1.29226
1.2889
1.28718
1.28358
1.2831
1.28266
1.28396
1.2842
1.28842
1.29144
1.29656
1.30082
1.30622
1.30756
1.30904
1.31002
1.3098
1.30876
1.3082
1.30756
1.30498
1.30394
1.30258
1.30174
1.30254
1.30566
1.30956
1.3108
1.31256
1.3121
1.31044
1.31014
1.31092
1.30778
1.30606
1.30374
1.29734
1.2932
1.29046
1.28814
1.28696
1.2871
1.28802
1.29006
1.29016
1.29084
1.2944
1.29528
1.29884
1.30294
1.30582
1.30994
1.31502
1.31774
1.3218
1.32712
1.32844
1.3302
1.33234
1.33492
1.33592
1.33392
1.32958
1.32458
1.31804
1.31008
1.30612
1.30406
1.30344
1.30218
1.30216
1.29846
1.29552
1.2898
1.28638
1.2872
1.29154
1.29506
1.30246
1.30742
1.30806
1.30994
1.31302
1.31438
1.31706
1.32018
1.32272
1.3241
1.32518
1.32626
1.32592
1.3259
1.3258
1.3264
1.32734
1.33084
1.33224
1.33334
1.33236
1.3309
1.32832
1.32798
1.3287
1.33228
1.33452
1.3365
1.33792
1.33834
1.33756
1.33672
1.33404
1.33012
1.32602
1.32252
1.3184
1.31716
1.31844
1.32036
1.32214
1.32604
1.32824
1.33004
1.33198
1.33298
1.33722
1.34214
1.34554
1.3482
1.3519
1.35104
1.35134
1.35164
1.35252
1.35364
1.3568
1.3577
1.35838
1.35934
1.35776
1.35562
1.35516
1.35366
1.35182
1.35484
1.358
1.36026
1.36594
1.37186
1.37478
1.3768
1.37908
1.37892
1.37862
1.3743
1.36818
1.36278
1.35678
1.35196
1.34788
1.34526
1.3435
1.34322
1.34198
1.34378
1.34704
1.34906
1.34896
1.349
1.35034
1.34998
1.3505
1.35274
1.35546
1.35556
1.3576
1.3576
1.35962
1.3613
1.36478
1.368
1.37286
1.37462
1.3753
1.37592
1.37558
1.37494
1.37322
1.3722
1.37108
1.36964
1.36812
1.37012
1.37298
1.37454
1.37442
1.37274
1.37014
1.36618
1.36232
1.36074
1.3619
1.36212
1.3634
1.36376
1.36394
1.36174
1.36
1.35728
1.3588
1.3604
1.3629
1.36494
1.36728
1.36466
1.36106
1.35794
1.35484
1.35196
1.35306
1.35534
1.35776
1.3607
1.36216
1.36346
1.36498
1.36726
1.36942
1.37138
1.37244
1.37352
1.37334
1.37146
1.37214
1.37382
1.3742
1.37384
1.37516
1.37764
1.37888
1.38122
1.38394
1.38734
1.38892
1.39004
1.39098
1.3919
1.39202
1.38916
1.38634
1.38348
1.38076
1.37828
1.37764
1.37704
1.3769
1.37744
1.37694
1.37606
1.37508
1.37444
1.3744
1.3755
1.37918
1.38306
1.38464
1.38472
1.3848
1.3836
1.38196
1.38128
1.38124
1.38112
1.38104
1.38148
1.38256
1.38264
1.38376
1.38454
1.38506
1.38586
1.38818
1.38912
1.38906
1.38704
1.38456
1.3803
1.37632
1.37328
1.37218
1.3713
1.37112
1.3699
1.3687
1.3671
1.36514
1.36302
1.36204
1.3618
1.36136
1.36148
1.36194
1.36214
1.36212
1.36178
1.36016
1.35842
1.35718
1.35484
1.35462
1.35462
1.35532
1.3566
1.35788
1.35818
1.35908
1.3605
1.3603
1.3612
1.36314
1.365
1.36536
1.36536
1.36482
1.3633
1.36228
1.36116
1.36092
1.36124
1.36042
1.35842
1.35702
1.35536
1.35344
1.35138
1.35002
1.34878
1.3471
1.34542
1.34422
1.34254
1.34098
1.34108
1.34056
1.33968
1.33922
1.33866
1.33818
1.3376
1.33742
1.33766
1.33794
1.33754
1.337
1.33626
1.3346
1.33276
1.32966
1.32662
1.324
1.32216
1.32004
1.3183
1.31666
1.3156
1.31028
1.30584
1.3018
1.2975
1.29294
1.29314
1.29312
1.29318
1.29452
1.29552
1.29506
1.29266
1.29022
1.28786
1.28446
1.28116
1.27818
1.27566
1.27106
1.26766
1.2661
1.26272
1.2605
1.26046
1.26176
1.26202
1.2644
1.26576
1.2688
1.27138
1.27282
1.27576
1.27704
1.27464
1.27156
1.26996
1.26854
1.269
1.27108
1.27036
1.26746
1.26296
1.2591
1.25362
1.24946
1.2473
1.24606
1.2441
1.24386
1.24546
1.24596
1.24814
1.24998
1.25098
1.24898
1.24858
1.24734
1.24644
1.24468
1.2466
1.24586
1.2425
1.24108
1.2384
1.23444
1.23494
1.23736
1.23666
1.24026
1.24382
1.2456
1.24522
1.2431
1.23812
1.23376
1.22728
1.22292
1.22068
1.21946
1.21644
1.21314
1.20774
1.20288
1.1958
1.19
1.1863
1.18458
1.18144
1.18116
1.1769
1.17064
1.16518
1.16128
1.15344
1.14706
1.14252
1.13874
1.1339
1.13178
1.132
1.13294
1.13478
1.1363
1.13878
1.13958
1.13916
1.13624
1.13388
1.13344
1.135
1.13658
1.1371
1.13894
1.13818
1.13694
1.13518
1.1356
1.132
1.1285
1.12538
1.12348
1.11762
1.1135
1.10666
1.09978
1.08968
1.0798
1.07198
1.06536
1.05994
1.0579
1.05924
1.05936
1.06472
1.07178
1.07784
1.0847
1.09066
1.09264
1.09044
1.0871
1.08274
1.08184
1.08382
1.08762
1.0898
1.0908
1.08674
1.0789
1.07038
1.06682
1.06238
1.0638
1.06744
1.07106
1.07278
1.07544
1.07666
1.07858
1.08116
1.08558
1.09448
1.10166
1.10802
1.11308
1.11698
1.1204
1.12282
1.12376
1.1237
1.12502
1.12556
1.12726
1.131
1.13524
1.13346
1.1276
1.12276
1.11486
1.1053
1.10004
1.09674
1.0941
1.0917
1.09678
1.10472
1.11186
1.11414
1.12052
1.1236
1.12404
1.12334
1.12674
1.12742
1.1265
1.12524
1.1286
1.12974
1.13198
1.13102
1.1297
1.12554
1.12196
1.118
1.11728
1.1154
1.11328
1.11168
1.10712
1.10548
1.1043
1.1055
1.10438
1.10564
1.1035
1.10096
1.09492
1.09152
1.08976
1.08814
1.0897
1.09226
1.0975
1.10006
1.1029
1.10166
1.1027
1.0997
1.09766
1.0945
1.09466
1.09326
1.0939
1.09568
1.10228
1.10672
1.10976
1.11144
1.11116
1.10842
1.10954
1.11446
1.1245
1.13214
1.13872
1.1395
1.13582
1.1281
1.12516
1.1222
1.1195
1.1184
1.11816
1.1162
1.1166
1.12128
1.12508
1.12664
1.12942
1.13042
1.13082
1.12876
1.12622
1.12334
1.12214
1.11882
1.11946
1.12172
1.12176
1.12072
1.1224
1.12168
1.12208
1.12382
1.12546
1.1272
1.13084
1.13426
1.13764
1.1392
1.13834
1.13788
1.13604
1.13048
1.1236
1.11822
1.11208
1.1065
1.10296
1.10348
1.10298
1.10086
1.09676
1.09488
1.08896
1.08378
1.07858
1.07672
1.07378
1.07302
1.07036
1.0694
1.06896
1.06772
1.0656
1.06596
1.06552
1.06252
1.06056
1.06092
1.05934
1.06506
1.07082
1.07638
1.0815
1.08972
1.09064
1.093
1.0967
1.0974
1.09646
1.09358
1.09048
1.08838
1.08972
1.08848
1.0915
1.09422
1.09414
1.09282
1.0925
1.08946
1.08466
1.08158
1.08054
1.08106
1.08256
1.08444
1.08644
1.08648
1.08806
1.08862
1.09004
1.08946
1.0885
1.08586
1.08466
1.08384
1.08622
1.08658
1.0877
1.08894
1.09262
1.09756
1.10354
1.10918
1.11702
1.12044
1.1237
1.12578
1.12518
1.12198
1.11938
1.11468
1.11034
1.10786
1.10548
1.10416
1.10026
1.09726
1.09388
1.09036
1.0888
1.09036
1.09308
1.0967
1.10024
1.10452
1.10792
1.10998
1.11166
1.11272
1.1158
1.11804
1.1211
1.12342
1.1254
1.12234
1.11978
1.11878
1.1183
1.12142
1.12596
1.13038
1.1339
1.1373
1.1393
1.13922
1.13964
1.14016
1.14058
1.1376
1.13512
1.1329
1.1311
1.1307
1.13168
1.13246
1.13134
1.13038
1.12924
1.12908
1.12956
1.1336
1.13844
1.14224
1.14552
1.1471
1.1467
1.14442
1.14198
1.14114
1.14066
1.13812
1.13664
1.13566
1.1323
1.12898
1.12724
1.12452
1.12068
1.11824
1.11764
1.1163
1.11516
1.11556
1.11562
1.11854
1.12282
1.12712
1.13182
1.13526
1.13428
1.13284
1.12996
1.12674
1.12332
1.12282
1.12354
1.12466
1.1256
1.1299
1.1273
1.12142
1.11726
1.11388
1.10706
1.10744
1.10856
1.10902
1.10798
1.1081
1.1061
1.10598
1.10668
1.10756
1.10798
1.1086
1.1074
1.1053
1.10344
1.10162
1.0997
1.0991
1.09872
1.10028
1.10428
1.1082
1.11302
1.11666
1.11746
1.1157
1.11374
1.11144
1.11146
1.11214
1.11398
1.1164
1.11974
1.12158
1.1249
1.12798
1.13028
1.1309
1.13076
1.12956
1.12778
1.12514
1.12198
1.11978
1.11818
1.1166
1.1177
1.11946
1.12166
1.12206
1.1235
1.1236
1.12426
1.12406
1.12298
1.12196
1.12056
1.11844
1.1181
1.11936
1.12118
1.1219
1.1226
1.1229
1.1232
1.122
1.12208
1.122
1.12028
1.11864
0
0
0
0
